width=320
height=240
focal_x=227.8414306640625
focal_y=227.8155822753906
center_x=166.5474548339844
center_y=124.1132431030273
# radial distortion parameters
k1=-0.1597864031791687
k2=0.09072628617286682
k3=0
# tangential distortion parameters
p1=0
p2=0
