width=320
height=240
focal_x=224.5019989013672
focal_y=230.4940032958984
center_x=160
center_y=120
# radial distortion parameters
k1=-0.1701029986143112
k2=0.1440639942884445
k3=0
# tangential distortion parameters
p1=0
p2=-0.04769939929246903

